* Measurement data measured by REW V5.30.8
* Source: D:\Graphs\Harman 2018 OE Target.csv
* Format: Comma/Tab/Space delimited data
* Dated: 23-Feb-2024 12:57:58
* REW Settings:
*  C-weighting compensation: Off
*  Target level: 75.0 dB
* Note: Measurement imported from D:\Graphs\Harman 2018 OE Target.csv Format: Comma/Tab/Space delimited data 695 values loaded, 20 Hz to 19,896 Hz log spaced
* Measurement: Harman 2018 OE Target
* Smoothing: 1/12 octave
* Frequency Step: 1/48 octave
* Start Frequency: 20.000 Hz
*
* Freq(Hz)	SPL(dB)
20.000000	3.890
20.299999	3.912
20.600000	3.943
20.900000	3.974
21.200001	3.999
21.400000	4.011
21.799999	4.027
22.000000	4.032
22.400000	4.036
22.700001	4.036
23.000000	4.034
23.299999	4.032
23.600000	4.030
24.000000	4.029
24.299999	4.027
24.700001	4.023
25.000000	4.021
25.400000	4.018
25.799999	4.015
26.200001	4.011
26.500000	4.009
26.900000	4.006
27.200001	4.002
27.600000	3.996
28.000000	3.989
28.500000	3.982
29.000000	3.975
29.500000	3.967
30.000000	3.958
30.400000	3.951
30.700001	3.945
31.100000	3.937
31.500000	3.929
32.000000	3.918
32.500000	3.908
33.000000	3.897
33.500000	3.887
34.000000	3.875
34.500000	3.861
35.000000	3.847
35.500000	3.833
36.000000	3.819
36.500000	3.805
37.000000	3.792
37.500000	3.778
38.200001	3.759
38.700001	3.744
39.500000	3.719
40.000000	3.705
40.599998	3.689
41.200001	3.674
41.799999	3.658
42.500000	3.639
43.099998	3.620
43.700001	3.597
44.400002	3.568
45.000000	3.544
45.500000	3.525
46.200001	3.500
46.799999	3.478
47.500000	3.450
48.200001	3.419
48.700001	3.393
49.400002	3.356
50.000000	3.325
50.799999	3.286
51.500000	3.253
52.200001	3.222
53.000000	3.187
53.799999	3.151
54.500000	3.119
55.200001	3.088
56.000000	3.053
57.000000	3.012
58.000000	2.972
59.000000	2.933
60.000000	2.890
60.799999	2.852
61.500000	2.817
62.200001	2.782
63.000000	2.743
64.000000	2.698
65.000000	2.654
66.000000	2.610
67.000000	2.565
68.000000	2.521
69.000000	2.476
70.000000	2.432
71.000000	2.387
72.000000	2.341
73.000000	2.294
74.000000	2.247
75.000000	2.201
76.199997	2.148
77.500000	2.092
78.800003	2.037
80.000000	1.985
81.199997	1.934
82.500000	1.877
83.800003	1.821
85.000000	1.768
86.199997	1.715
87.500000	1.656
88.500000	1.610
90.000000	1.539
91.199997	1.481
92.500000	1.418
93.800003	1.356
95.000000	1.297
96.199997	1.238
97.500000	1.173
98.800003	1.110
100.000000	1.052
101.500000	0.980
103.000000	0.909
104.400002	0.844
106.000000	0.770
107.500000	0.700
109.000000	0.630
110.599998	0.555
112.000000	0.489
113.800003	0.403
115.000000	0.346
117.199997	0.243
118.000000	0.207
120.599998	0.094
122.000000	0.035
124.099998	-0.051
125.000000	-0.088
126.500000	-0.150
128.000000	-0.211
131.500000	-0.348
132.000000	-0.366
134.000000	-0.437
136.000000	-0.505
138.000000	-0.571
140.000000	-0.633
143.000000	-0.718
145.000000	-0.771
147.500000	-0.836
150.000000	-0.901
152.500000	-0.966
155.000000	-1.031
157.500000	-1.095
160.000000	-1.157
162.500000	-1.218
165.000000	-1.276
167.500000	-1.333
170.000000	-1.390
172.500000	-1.446
175.000000	-1.500
177.500000	-1.555
180.000000	-1.607
182.500000	-1.657
185.000000	-1.705
187.500000	-1.751
190.000000	-1.794
192.500000	-1.835
195.000000	-1.873
197.500000	-1.909
200.000000	-1.941
203.000000	-1.973
206.000000	-2.000
209.000000	-2.024
212.000000	-2.044
214.000000	-2.054
218.000000	-2.070
220.000000	-2.076
224.000000	-2.084
227.000000	-2.085
230.000000	-2.083
233.000000	-2.079
236.000000	-2.073
240.000000	-2.060
243.000000	-2.049
247.000000	-2.031
250.000000	-2.015
254.000000	-1.991
258.000000	-1.965
262.000000	-1.937
265.000000	-1.915
269.000000	-1.886
272.000000	-1.864
276.000000	-1.834
280.000000	-1.805
285.000000	-1.770
290.000000	-1.735
295.000000	-1.699
300.000000	-1.663
304.000000	-1.633
307.000000	-1.609
311.000000	-1.576
315.000000	-1.545
320.000000	-1.509
325.000000	-1.476
330.000000	-1.445
335.000000	-1.415
340.000000	-1.385
345.000000	-1.356
350.000000	-1.329
355.000000	-1.303
360.000000	-1.279
365.000000	-1.256
370.000000	-1.235
375.000000	-1.215
382.000000	-1.189
387.000000	-1.172
395.000000	-1.147
400.000000	-1.132
406.000000	-1.115
412.000000	-1.100
418.000000	-1.085
425.000000	-1.068
431.000000	-1.052
437.000000	-1.036
444.000000	-1.015
450.000000	-0.998
455.000000	-0.983
462.000000	-0.962
468.000000	-0.944
475.000000	-0.922
482.000000	-0.899
487.000000	-0.882
494.000000	-0.859
500.000000	-0.840
508.000000	-0.814
515.000000	-0.790
522.000000	-0.766
530.000000	-0.740
538.000000	-0.713
545.000000	-0.689
552.000000	-0.667
560.000000	-0.643
570.000000	-0.616
580.000000	-0.590
590.000000	-0.564
600.000000	-0.538
608.000000	-0.515
615.000000	-0.494
622.000000	-0.475
630.000000	-0.453
640.000000	-0.428
650.000000	-0.405
660.000000	-0.383
670.000000	-0.363
680.000000	-0.344
690.000000	-0.326
700.000000	-0.309
710.000000	-0.293
720.000000	-0.278
730.000000	-0.263
740.000000	-0.247
750.000000	-0.234
762.000000	-0.220
775.000000	-0.206
788.000000	-0.193
800.000000	-0.182
812.000000	-0.173
825.000000	-0.164
838.000000	-0.156
850.000000	-0.148
862.000000	-0.140
875.000000	-0.130
885.000000	-0.122
900.000000	-0.110
912.000000	-0.101
925.000000	-0.090
938.000000	-0.079
950.000000	-0.066
962.000000	-0.051
975.000000	-0.033
988.000000	-0.014
1000.000000	0.007
1015.000000	0.035
1030.000000	0.064
1044.000000	0.093
1060.000000	0.129
1075.000000	0.167
1090.000000	0.208
1106.000000	0.255
1120.000000	0.300
1138.000000	0.364
1150.000000	0.409
1172.000000	0.494
1180.000000	0.526
1206.000000	0.636
1220.000000	0.697
1241.000000	0.791
1250.000000	0.833
1265.000000	0.903
1280.000000	0.977
1315.000000	1.154
1320.000000	1.180
1340.000000	1.285
1360.000000	1.391
1380.000000	1.497
1400.000000	1.602
1430.000000	1.756
1450.000000	1.858
1475.000000	1.984
1500.000000	2.116
1525.000000	2.253
1550.000000	2.395
1575.000000	2.538
1600.000000	2.684
1625.000000	2.836
1650.000000	2.991
1675.000000	3.148
1700.000000	3.307
1725.000000	3.468
1750.000000	3.632
1775.000000	3.796
1800.000000	3.961
1825.000000	4.127
1850.000000	4.293
1875.000000	4.458
1900.000000	4.623
1925.000000	4.787
1950.000000	4.949
1975.000000	5.107
2000.000000	5.257
2030.000000	5.427
2060.000000	5.587
2090.000000	5.742
2120.000000	5.893
2140.000000	5.991
2180.000000	6.182
2200.000000	6.276
2240.000000	6.459
2270.000000	6.591
2300.000000	6.719
2330.000000	6.841
2360.000000	6.956
2400.000000	7.095
2430.000000	7.191
2470.000000	7.313
2500.000000	7.400
2540.000000	7.508
2580.000000	7.609
2620.000000	7.705
2650.000000	7.773
2690.000000	7.859
2720.000000	7.919
2760.000000	7.995
2800.000000	8.063
2850.000000	8.137
2900.000000	8.201
2950.000000	8.260
3000.000000	8.318
3040.000000	8.363
3070.000000	8.396
3110.000000	8.437
3150.000000	8.472
3200.000000	8.507
3250.000000	8.533
3300.000000	8.554
3350.000000	8.567
3400.000000	8.572
3450.000000	8.571
3500.000000	8.564
3550.000000	8.551
3600.000000	8.529
3650.000000	8.500
3700.000000	8.466
3750.000000	8.427
3820.000000	8.364
3870.000000	8.314
3950.000000	8.232
4000.000000	8.175
4060.000000	8.098
4120.000000	8.017
4180.000000	7.932
4250.000000	7.826
4310.000000	7.728
4370.000000	7.625
4440.000000	7.502
4500.000000	7.394
4550.000000	7.302
4620.000000	7.172
4680.000000	7.060
4750.000000	6.928
4820.000000	6.796
4870.000000	6.701
4940.000000	6.571
5000.000000	6.464
5080.000000	6.331
5150.000000	6.221
5220.000000	6.114
5300.000000	5.994
5380.000000	5.876
5450.000000	5.776
5520.000000	5.680
5600.000000	5.575
5700.000000	5.455
5800.000000	5.343
5900.000000	5.231
6000.000000	5.110
6080.000000	5.005
6150.000000	4.908
6220.000000	4.811
6300.000000	4.702
6400.000000	4.573
6500.000000	4.449
6600.000000	4.326
6700.000000	4.202
6800.000000	4.073
6900.000000	3.941
7000.000000	3.806
7100.000000	3.670
7200.000000	3.528
7300.000000	3.381
7400.000000	3.235
7500.000000	3.091
7620.000000	2.925
7750.000000	2.751
7880.000000	2.581
8000.000000	2.423
8120.000000	2.261
8250.000000	2.083
8380.000000	1.903
8500.000000	1.735
8620.000000	1.561
8750.000000	1.369
8850.000000	1.220
9000.000000	0.994
9120.000000	0.808
9250.000000	0.601
9380.000000	0.391
9500.000000	0.192
9620.000000	-0.014
9750.000000	-0.242
9880.000000	-0.470
10000.000000	-0.678
10150.000000	-0.934
10300.000000	-1.186
10440.000000	-1.421
10600.000000	-1.693
10750.000000	-1.955
10900.000000	-2.222
11060.000000	-2.511
11200.000000	-2.766
11380.000000	-3.100
11500.000000	-3.323
11720.000000	-3.725
11800.000000	-3.866
12060.000000	-4.304
12200.000000	-4.530
12410.000000	-4.858
12500.000000	-4.997
12650.000000	-5.224
12800.000000	-5.448
13150.000000	-5.948
13200.000000	-6.015
13400.000000	-6.273
13600.000000	-6.516
13800.000000	-6.748
14000.000000	-6.969
14300.000000	-7.278
14500.000000	-7.474
14750.000000	-7.719
15000.000000	-7.976
15250.000000	-8.253
15500.000000	-8.547
15750.000000	-8.857
16000.000000	-9.199
16250.000000	-9.588
16500.000000	-10.015
16750.000000	-10.475
17000.000000	-10.986
17250.000000	-11.569
17500.000000	-12.215
17750.000000	-12.911
18000.000000	-13.673
18250.000000	-14.524
18500.000000	-15.457
18750.000000	-16.452
19000.000000	-17.513
19250.000000	-18.643
19500.000000	-19.760
19750.000000	-20.642
